4 1702
5 1816
7 1773
10 1722
16 1911
18 1840
20 1886
21 1800
22 1850
23 1815
24 1887
25 1866
27 1881
31 1912
30 1895
34 1930
33 1874
32 1898
35 1987
37 1908
39 1890
38 1901
40 1884
41 1877
43 1896
42 1899
47 1887
59 1849
58 1833
57 1930
61 1866
64 1864
65 1877
68 1921
70 1824
69 1864
71 1907
72 1862
73 1844
78 1861
79 1958
81 1942
80 1969
83 1831
84 1858
87 1938
86 1967
85 1960
90 1826
91 1829
94 1948
92 1777
93 1800
95 1902
96 1911
100 1804
102 1884
103 1843
106 1800
105 1805
108 1903
109 1878
113 1761
115 1743
114 1879
118 1720
119 1844
124 1737
125 1844
126 1735
127 1802
130 1921
131 1739
134 1753
132 1786
135 1763
133 1789
136 1791
137 1789
138 1761
141 1924
149 1821
147 1875
151 1803
150 1815
154 1825
153 1906
152 1878
162 1825
161 1916
159 1876
163 1838
164 1854
167 1864
165 1844
166 1800
168 1812
169 1816
170 1854
171 1874
174 1798
175 1785
176 1769
177 1836
178 1785
179 1794
180 1793
181 1884
182 1881
183 1801
188 1801
189 1803
190 1827
191 1809
192 1799
193 1799
194 1826
197 1809
198 1802
201 1849
202 1821
205 1791
207 1652
221 1821
222 1863
223 1879
225 1807
226 1777
227 1796
228 1803
229 1688
232 1827
233 1815
235 1769
236 1771
238 1692
239 1640
242 1737
243 1706
244 1640
245 1640
250 1566
255 1611
256 1581
257 1581
258 1611
259 1611
260 1528
261 1667
262 1613
269 1622
272 1600
273 1768
274 1632
275 1609
276 1604
278 1621
280 1607
281 1644
282 1616
283 1622
284 1622
286 1648
287 1612
288 1572
289 1804
290 1794
295 1733
296 1808
303 1710
304 1724
306 1719
314 1730
315 1547
321 1603
323 1504
324 1563
325 1642
329 1685
334 1712
336 1647
338 1642
340 1657
341 1657
345 1659
380 1749
387 1757
388 1771
389 1763
393 1578
394 1579
395 1575
396 1613
400 1609
401 1616
404 1626
405 1620
406 1589
407 1564
408 1624
409 1609
411 1552
414 1605
418 1630
419 1628
422 1562
429 1562
430 1562
431 1632
433 1593
434 1610
435 1605
436 1660
437 1602
0 1613
441 1620
443 1626
444 1610
452 1690
456 1591
457 1614
458 1624
459 1616
1 1776
2 1693
3 1804
6 1752
9 1748
11 1734
8 1766
3 1763
1 1761
7 1773
14 1707
22 1764
