5 1743
9 1855
10 1838
11 1826
12 1835
13 1765
14 1828
15 1790
16 1771
17 1755
18 1822
19 1882
20 1758
22 1824
23 1895
24 1767
26 1852
27 1857
29 1768
31 1844
32 1739
34 1860
35 1820
36 1846
37 1826
38 1851
39 1848
40 1843
41 1828
43 1847
44 1777
45 1820
47 1826
49 1840
51 1792
52 1854
54 1791
55 1845
56 1794
57 1795
58 1898
59 1835
60 1846
61 1785
63 1752
13 1765
38 1851
40 1843
31 1844
60 1848
55 1845
51 1792
61 1781
57 1787
56 1797
17 1760
58 1897
59 1834
16 1762
63 1759
18 1822
19 1882
15 1790
