5 13319
9 13399
10 13411
11 13428
12 13409
13 13469
14 13415
15 13299
16 13311
17 13352
18 13293
19 13293
20 13350
22 13353
23 13376
24 13355
26 13426
27 13427
29 13311
31 13388
32 13338
34 13413
35 13310
36 13347
37 13396
38 13389
39 13390
40 13388
41 13399
43 13389
44 13434
45 13383
47 13402
49 13403
51 13374
52 13414
54 13445
55 13389
56 13342
57 13316
58 13352
59 13341
13 13477
38 13388
31 13387
40 13385
55 13389
51 13352
58 13336
17 13346
59 13350
56 13349
57 13352
16 13317
19 13292
18 13297
15 13291
5 13320
32 13338
60 13389
61 13349
63 13328
