4 8210
5 1940
6 1941
7 1948
10 1940
14 1936
15 1952
16 1868
17 1846
21 1892
22 2000
23 1945
24 2007
31 1913
33 1829
34 1830
36 1745
37 1807
38 1781
39 1820
45 1937
50 1940
51 1917
52 1904
53 1917
54 1955
57 1796
66 1786
67 1767
81 1917
83 1939
84 1923
85 1945
86 1912
89 1943
90 1943
91 1942
98 1913
102 1904
103 1936
113 1911
116 1902
118 1940
119 1937
120 1937
121 1937
122 1927
132 1955
133 1963
134 1931
135 1955
139 1937
142 1962
145 1888
146 1937
147 1844
148 1941
150 1937
151 1895
152 1922
153 1848
154 1937
155 1937
147 1844
22 2000
154 1941
121 1937
150 1940
119 1942
146 1942
120 1941
155 1940
145 1847
24 1993
151 1897
152 1910
116 1902
