4 11241
5 13102
6 13094
7 13091
10 13116
14 13064
15 13044
16 13128
17 13073
21 13123
22 13101
23 13036
24 13059
31 12979
33 13175
34 13172
36 13175
37 13149
38 13183
39 13127
45 13119
50 13097
51 13126
52 13059
53 13069
54 13058
57 13126
66 13180
67 13122
81 13126
83 13115
84 13329
85 13344
86 13333
89 13259
90 13309
91 13321
98 13338
102 12923
103 13095
113 12948
116 12988
118 13094
119 13011
120 13092
121 13092
122 13094
132 13098
133 13092
134 13066
135 13101
139 13116
142 13134
145 13105
22 13087
145 13103
133 13114
120 13092
121 13092
122 13094
6 13094
24 13075
119 13006
146 13092
