4 13257
23 12828
24 12819
26 12900
30 12895
31 12809
32 12806
35 12900
36 12900
37 12900
38 12969
39 12970
44 12960
49 12970
51 12969
52 12974
53 12973
66 12956
68 12979
69 12972
77 13077
85 13062
86 12822
87 12822
88 12837
89 12795
90 12837
95 12767
99 12798
100 12843
101 12792
106 12763
116 12808
119 12808
126 12756
140 12665
162 12596
172 12627
173 12693
175 12653
176 12614
177 12626
181 12673
182 12673
190 12793
191 12756
192 12766
205 12773
213 12725
215 12743
224 12733
225 12717
226 12662
228 13015
235 12746
236 12937
237 12982
243 12931
244 12936
252 12680
256 12658
263 12688
287 12808
288 12815
289 12808
295 12777
310 12756
311 12754
317 12738
332 12774
346 12792
354 12827
355 12879
356 12828
357 12823
362 12855
371 12822
374 12823
382 12842
383 12847
384 12846
385 12851
385 12851
386 12838
388 12814
355 12879
390 12785
310 12756
317 12729
332 12774
