4 1921
23 1745
24 1703
26 1740
30 1756
31 1733
32 1737
35 1592
36 1580
37 1580
38 1581
39 1581
44 1572
49 1598
51 1582
52 1573
53 1578
66 1546
68 1585
69 1605
77 1583
85 1643
86 1721
87 1721
88 1720
89 1714
90 1720
95 1711
99 1763
100 1765
101 1735
106 1750
116 1768
119 1751
126 1743
140 1676
162 1731
172 1750
173 1734
175 1763
176 1712
177 1769
181 1741
182 1740
190 1698
191 1670
192 1655
205 1741
213 1758
215 1778
224 1751
225 1750
226 1802
228 1875
235 1777
236 1926
237 1875
243 1852
244 1877
252 1688
256 1741
263 1724
287 1772
288 1772
289 1771
295 1748
310 1722
311 1710
317 1714
332 1813
346 1736
354 1746
355 1755
356 1748
357 1750
362 1688
371 1589
374 1564
382 1606
383 1608
384 1605
385 1657
385 1657
386 1629
388 1638
355 1755
390 1741
310 1722
317 1707
332 1813
