4 0
5 0
7 0
10 0
16 0
18 0
20 0
21 0
22 0
23 0
24 0
25 0
27 0
31 2
30 0
34 0
33 0
32 0
35 0
37 0
39 0
38 0
40 0
41 0
43 0
42 0
47 0
59 0
58 0
57 0
61 0
64 0
65 0
68 1
70 0
69 0
71 0
72 0
73 0
78 0
79 0
81 0
80 0
83 0
84 0
87 0
86 0
85 0
90 0
91 0
94 0
92 0
93 0
95 0
96 0
100 0
102 0
103 0
106 0
105 0
108 0
109 0
113 0
115 0
114 0
118 0
119 0
124 0
125 0
126 0
127 0
130 1
131 0
134 0
132 0
135 0
133 0
136 0
137 0
138 0
141 0
149 0
147 0
151 0
150 0
154 0
153 0
152 0
162 0
161 0
159 0
163 0
164 0
167 0
165 0
166 0
168 0
169 0
170 0
171 0
174 0
175 1
176 0
177 0
178 0
179 0
180 0
181 0
182 0
183 0
188 0
189 0
190 0
191 0
192 0
193 0
194 0
197 0
198 0
201 0
202 0
205 0
207 0
221 0
222 0
223 0
225 0
226 0
227 0
228 0
229 0
232 0
233 0
235 0
236 0
238 0
239 0
242 0
243 0
244 0
245 0
250 0
255 0
256 0
257 0
258 0
259 0
260 0
261 0
262 0
269 0
272 0
273 0
274 0
275 0
276 0
278 0
280 0
281 0
282 0
283 0
284 0
286 0
287 0
288 0
289 0
290 0
295 0
296 0
303 0
304 0
306 0
314 0
315 0
321 0
323 0
324 0
325 0
329 0
334 0
336 0
338 0
340 0
341 0
345 0
380 0
387 0
388 0
389 0
393 0
394 0
395 0
396 0
400 0
401 1
404 0
405 0
406 0
407 0
408 0
409 0
411 0
414 0
418 0
419 0
422 0
429 0
430 0
431 0
433 0
434 1
435 0
436 0
437 0
0 1
441 0
443 0
444 1
452 0
456 0
457 0
458 0
459 0
1 0
2 0
3 0
6 0
9 0
11 0
8 0
14 0
14 0
4 0
